64.92822352086634,2.0039923157871407,-8.304922046794466,-3.101208804589339,-3.1886127679142247,-4.575088624320402,1.5085740893474453,-10.095470397592264,2.67371449266548,9.951803632520754,-7.4250088951716,-2.539847604295074,-10.649076315190404,11.421814235982183,0.022308433617360707,14.153139432713237,-8.388133400243314,-5.106308713350313,-1.1536157138953358,8.404897980123593,-4.388914347828852,-1.4740569805081016,-7.620699348117329,4.596627573586283,-3.332920746658676,-0.4169652915454338,-0.048537700621132544,4.8133711345191665,3.1145080719402913,-4.360520410648099,6.523514138326166,-4.696792741863732,-6.074489875293966,0.37896214842386977,-7.0823896100007415,-4.6213575541368055,-11.191720426004654,2.6985963517535616,-1.9016591604896416,10.428610146822532,1.241788925579322,-3.2509822270529742,3.1650054409777812,13.848417882822648,11.697403470049847,-18.087216370909594,-4.359765362821561,-3.9257288328083515,-4.187685927903084,-17.487188429332406
2.0039923157871407,49.84377304929714,-13.033381822155278,-7.903761030153433,-13.752846259326745,-11.24409581986658,-14.989896878951606,-2.5846290601380004,-0.01463037200243828,17.9537420606792,-9.594768509496218,8.568428227655689,5.939336274511222,9.116822068866144,0.15743935148064145,4.141038681986963,-3.826601256182903,4.496107231636483,-5.09646395462919,8.233790148898281,6.4722118732280425,6.745732976250116,8.742790615566856,6.400107607229183,-2.6252046992013804,6.062320056224601,1.0742675308158263,-2.086349718606784,-2.074812481567469,0.3084179317552622,1.5779815017629815,-0.4918398435028765,-0.36158534271353815,1.2609481277391246,15.142919014796215,-3.5410703492686357,9.678809323396397,-4.211227970445246,4.633699901601276,-16.9380089908831,0.37038116175717584,-0.9318529379610053,-4.861923543763911,-6.377911984257218,-7.4137408911782865,7.694965248087394,-5.166775147572804,-4.976224499110168,0.5808822533851131,-5.9544974572131455
-8.304922046794466,-13.033381822155278,51.15242953721238,7.216144355903839,-6.708104338087581,11.364929167790685,-10.693923491493146,-12.36041031829851,3.3954539262664696,-3.584301766108972,13.299360631746692,-1.996001648927467,-7.4019383733383854,-2.8546547173684838,5.182113030476253,-15.329527317498279,8.850229755525113,-7.170231133627084,4.40200489604944,-16.275428198452136,-2.005635080955567,12.521704958544918,4.4487657667105145,5.185887675903671,-3.9994658194595964,-3.985190890544641,10.00246094508801,-3.0781842062901004,4.4086544895425295,2.486475408725332,7.008773821879134,1.3699971599029064,18.13215080285887,-15.008176565021001,-6.136728241405779,7.403055020197711,-4.8583639608674885,5.960004937257919,-6.675643316482783,3.444544751066704,6.552181770332781,0.13289835712272688,4.126904175710197,7.312697056120173,6.189249083796391,-15.579534127275059,-8.402154996385388,0.24054837433586657,-6.297318914276834,14.417922210960601
-3.101208804589339,-7.903761030153433,7.216144355903839,48.85767400037333,-2.5062956661251334,8.582694908178532,7.476341991730205,6.132153425293728,-17.86800771804854,1.0649621545262584,8.560108504952954,7.5439475660341015,2.408977007035897,0.8306387855300582,7.856647052906743,-4.8756148803676975,-6.282883947523757,6.075724166703639,7.263614158536648,-5.573354202572797,1.9650363523059022,-0.5607100415427343,5.4903720451376286,1.2860903008060875,0.7197845773755218,-0.0877495188672812,-2.581962958803844,-7.841680046647142,14.834344571635436,-4.242028293616526,-1.7318927688748689,4.946407036370808,-6.335448328476818,-10.750313354283067,-1.219099567914447,-4.256748218103147,-2.2587276705466937,8.704194107037086,-1.8912327556235522,7.13708413710361,7.990424441898494,4.064981638359745,-14.835244954563855,-0.1993255131645403,-5.210543275182156,-2.944734208827304,3.852682651789754,1.923583359863981,0.08702777681079227,2.7668644879571116
-3.1886127679142247,-13.752846259326745,-6.708104338087581,-2.5062956661251334,51.450534736604894,0.44443403705364926,6.281047032899433,-2.1293592744009993,-1.7435546938242246,1.0329947100485366,-6.666625089200001,-5.841371205472455,9.077728943599157,0.7968165583422905,-11.88420069054757,3.599054653887065,-19.0064891132454,-5.713476770675606,14.09804052332038,-0.7003022124832503,3.9431824289601,-4.2555528518143255,4.277679515407677,7.472239501776517,3.0913007621272532,-7.07633450783161,-2.577833396921793,1.73734737239971,-9.326239973372534,10.22311311262995,-6.432090636452946,9.296043514323191,-0.37777864006268624,5.651816446066454,-3.4335502588274487,4.839664578864104,3.506222132344928,-8.292312145170468,-2.07428808592131,-1.2926406080256292,2.041403579506687,-3.1114817046026957,5.097067063072478,1.703880054058531,10.508935104538198,6.6268543981708605,10.06548754586103,-10.166980126407838,12.221898706032567,0.521060799377098
-4.575088624320402,-11.24409581986658,11.364929167790685,8.582694908178532,0.44443403705364926,54.820034220707484,1.7114939537928517,2.108327542810332,-3.8257762006924283,9.402746276636044,12.406775872052524,-15.01961311887321,-1.2794322253451222,-6.410573904550953,-6.80038960863057,-7.627922273852964,5.195393279565193,-8.977680366600785,0.478681745344842,2.4019682517988867,-12.200725076616322,18.33712765589996,5.068030738333955,-9.110170861655725,7.147345672312493,-4.014271044213169,6.310869822626362,8.74892278590331,-1.7427910321529023,-0.8788318011879502,-2.433951555450165,-6.575061196434221,-4.859049038757644,-3.2528730105373325,-3.9002574232373894,12.609527855556378,-0.6888288167376613,4.561635496111254,0.15739414011881805,-3.0029796585047177,12.85623065488586,6.316557533999932,6.712733477903707,4.60974384513913,6.775273660862483,1.783343615925133,-9.848817251907581,1.715314627068668,-13.413785735430338,-0.2324766662155783
1.5085740893474453,-14.989896878951606,-10.693923491493146,7.476341991730205,6.281047032899433,1.7114939537928517,76.86048511761031,5.706856219958221,4.680871332189278,-2.6206989076770553,7.810976916194638,-0.007004454949357079,-5.86963068701389,-5.141692415245427,-7.32481209393598,-2.4352049574921186,-3.2671733959315348,-4.031974294125179,-9.985559209371269,0.3605519660327958,-2.314734670440897,-5.820435025946353,-5.437059967165974,-5.565594310555508,4.971747758071641,-2.463163349297092,-19.18707063698476,-1.1285331774435154,13.408461708259466,14.235769910899728,-3.3750485340205314,5.414747435186736,-5.607926201093736,-1.9386780664521177,-9.487224054843445,5.721673777477539,1.8334887447284856,-7.436677540709444,1.6176261385782789,15.357168707791834,0.6961375826873398,5.001506423450863,-1.1398746215313742,-6.084942889771906,0.559549829067864,-1.0887015848650103,17.667180740027117,-4.195874408132292,2.266651903378091,-13.047836568692821
-10.095470397592264,-2.5846290601380004,-12.36041031829851,6.132153425293728,-2.1293592744009993,2.108327542810332,5.706856219958221,53.588654297754445,1.5221049217340525,-2.9692305629636864,-1.2390134465098437,1.9773536071564668,-1.296330506066396,-0.8205306299172925,27.053570904896908,-5.927472593976162,8.730987050300376,2.447508285551513,11.234105518731566,2.2168522542648015,10.929166319019641,8.406384705884918,-9.556187469200852,-12.170362290297744,5.973830029427287,-12.478155700615222,-10.495088985971579,-1.119711575326744,5.90014084877257,-0.7257232697020929,-2.777419467968849,-2.1257937237622886,-7.572267904722094,2.1258940459016546,5.89152699850237,-1.7944223561651815,-3.173701610185436,2.1915787228839028,7.9461443507127205,11.898110846212418,-1.0164407715946366,12.18455569397322,-8.795588852613244,-2.4008920090709704,-1.0890498382985097,-1.389964166174287,3.380291211113937,9.27997112074222,12.260719711743599,-5.5690953264622935
2.67371449266548,-0.01463037200243828,3.3954539262664696,-17.86800771804854,-1.7435546938242246,-3.8257762006924283,4.680871332189278,1.5221049217340525,44.34619096385178,-16.88280731177525,-0.46792514749712855,0.023924172363994856,-4.337350879017073,-3.1922391599252764,-7.3931773094062585,-9.216983978028303,9.139299832502562,3.9660933032259473,-4.128848993523834,3.3576475316376566,-3.2978284836457807,-4.250041183218022,-5.955428159230048,7.836028161703289,0.9591046425120971,-1.7742541693934621,-2.9012011757188905,-2.8563657716296333,1.739512898237991,6.611276734413596,5.493525513339731,-13.936564321117835,-3.435658820738407,-1.6927011988771719,-5.657425527640407,4.887696962367495,8.307228401612557,-6.783453826984863,-6.559196883197766,0.010968574627346496,-5.450352035784341,5.858526190742446,0.006868002505978582,1.6200838303088894,2.8696071587099796,-7.362288510189118,7.362617122836599,6.094385771056371,-1.314923672820869,-8.434119283794212
9.951803632520754,17.9537420606792,-3.584301766108972,1.0649621545262584,1.0329947100485366,9.402746276636044,-2.6206989076770553,-2.9692305629636864,-16.88280731177525,51.6597930847653,2.851163953424981,-5.2268897669011665,-12.074914503505205,0.22003819505650715,1.666745840384552,-0.2071386092044259,-5.79297891499978,1.6476622103576533,-7.713742700934306,7.511989916180115,5.6640703288251695,7.915273801427518,-0.7364410281087491,-5.37979404165661,-1.3315221892183262,7.336770793435066,14.652161223304404,4.401420674786776,-2.52879570371969,0.9155957143401874,1.8700640821985144,10.046860096451638,6.849308825365807,2.701332681849311,-3.0646710659861385,-1.9235129259406387,-8.343145135803468,-1.0096143212052295,6.023358614487332,-6.914629651747162,12.047593490485676,-5.200441386312365,1.5667760522785064,3.5528985373306528,1.7588133073607228,4.854817900740839,8.36849502642428,-12.835076813599384,-9.314958389153771,2.296199388395781
-7.4250088951716,-9.594768509496218,13.299360631746692,8.560108504952954,-6.666625089200001,12.406775872052524,7.810976916194638,-1.2390134465098437,-0.46792514749712855,2.851163953424981,42.375143229100246,0.8456518443347099,-7.711299311012001,3.156456229489399,10.43748283634158,-6.249641216657322,17.073411898754944,-2.4804642022726373,3.2198628915743677,0.23927615880539038,-9.159779845217441,1.439232051304054,2.9825318427340304,-5.804814508653121,-7.678609086728607,7.607245198794676,7.9795488576990925,4.093540773351642,7.137672299623589,-1.028307310702332,6.761236221342645,0.4467946735531098,13.248866865590104,-6.050018852365295,3.6877016822798585,5.938033006861971,-5.83872767472611,5.541018795016563,12.640453333084356,-2.7163191571602923,1.327446265830658,1.1537549149669006,3.1920209525611236,-5.968150703900569,-11.382155346652045,-0.20339146867379826,-0.6158435837262543,4.487029031531619,4.578330015401488,3.8188028343311875
-2.539847604295074,8.568428227655689,-1.996001648927467,7.5439475660341015,-5.841371205472455,-15.01961311887321,-0.007004454949357079,1.9773536071564668,0.023924172363994856,-5.2268897669011665,0.8456518443347099,50.22764322605558,1.4284048295840668,3.8220671154223775,3.6910466673800495,-5.192311619650978,-0.336411159824798,14.774577586051885,14.286831100374375,7.859258373773531,3.7032064661891693,-9.49584637152733,-6.406337550134535,5.518548622636649,0.5170424496207786,2.3961355412572933,5.980181842502919,-9.088480410087595,8.445820399747902,-7.417692020514193,1.1763102305647608,-7.574542529008834,6.721321161297986,3.897917598911449,-2.1912976776865594,-1.7841025800462835,-1.151484080440306,8.819456978026896,-0.29792686454556594,3.028086722151416,-7.331905016989573,10.536840147911152,-13.860049414484378,-7.403575557940179,-2.5658637317687356,-3.2410246179703304,-0.3061085429835643,-11.590624254465801,12.437288758694763,3.726376297915454
-10.649076315190404,5.939336274511222,-7.4019383733383854,2.408977007035897,9.077728943599157,-1.2794322253451222,-5.86963068701389,-1.296330506066396,-4.337350879017073,-12.074914503505205,-7.711299311012001,1.4284048295840668,36.6577400999331,7.515582402051418,-4.65815368035657,-3.9200068162596757,-1.932687411636654,-3.7581364937531045,9.068179173999118,-5.196108710377678,4.3886220215696445,5.640648936951887,4.793785051641806,3.1181041467381236,6.6853491777318546,5.988663299292636,0.3918182872910661,-2.3108309923428174,-3.411853100885382,-5.616851358229667,-0.7003974507621169,-1.918997182139841,-7.826640868181253,6.187924438048898,8.280379810798259,1.5200327809095886,10.600340016332668,-7.8310453388175825,-0.20376707409372097,-12.189240337799617,-9.045548416477075,-10.853202171635491,1.824337832823888,3.6058514794003784,-1.5242049607120518,1.0804001065125326,1.8011147950601278,-3.8539505804040495,1.2517425384710061,0.42695596429347715
11.421814235982183,9.116822068866144,-2.8546547173684838,0.8306387855300582,0.7968165583422905,-6.410573904550953,-5.141692415245427,-0.8205306299172925,-3.1922391599252764,0.22003819505650715,3.156456229489399,3.8220671154223775,7.515582402051418,37.448599618044,2.2255536217328835,-1.346446993635691,0.942472668646073,-5.715453283790836,7.494802094764177,-1.9879879305325858,1.957745145939012,-3.4376502569015908,1.280160893463452,-5.3053353499666525,1.9231164167928447,6.248549928836304,-5.084431590910888,-8.178384354772302,3.0301762364920735,-6.98303057864201,-1.3175131379381428,-0.2179709160959314,1.7984850362125544,-3.1299443663528916,6.660664867957819,6.494754909624955,0.9410262881474238,-5.299007228020821,1.9612453324039694,-3.741674468050313,0.1980153947817449,-19.86246280650282,0.6493790821053578,-1.6197162072350997,-1.6227354471009452,-1.3592377154595758,-9.141357101537588,3.108060330645447,14.143366657786032,4.621422843738885
0.022308433617360707,0.15743935148064145,5.182113030476253,7.856647052906743,-11.88420069054757,-6.80038960863057,-7.32481209393598,27.053570904896908,-7.3931773094062585,1.666745840384552,10.43748283634158,3.6910466673800495,-4.65815368035657,2.2255536217328835,64.59931384503487,-8.48481195684682,6.770300933647086,-0.40713476974505114,8.589614640017386,-5.459422594632582,9.805000827969794,-4.3599176779881015,-7.401651314380243,-6.378476059006452,-11.078351022329757,-1.1845140807999897,-3.2552001603231298,2.8825035918163207,3.8091778057829035,-6.601040341423718,11.431766237369361,1.6239338731444632,4.200111026196264,-4.3824358580348886,4.235420622966806,-2.5571752330287243,-10.6029604541096,1.670211409498227,13.30701810214871,8.032568805624425,-12.145895823624627,6.0058333311307015,-7.959399551145113,-7.767156460737869,-10.311627371120798,-11.873934449042062,4.056840225918741,13.021930785305946,10.667953805933546,1.8935192041519389
14.153139432713237,4.141038681986963,-15.329527317498279,-4.8756148803676975,3.599054653887065,-7.627922273852964,-2.4352049574921186,-5.927472593976162,-9.216983978028303,-0.2071386092044259,-6.249641216657322,-5.192311619650978,-3.9200068162596757,-1.346446993635691,-8.48481195684682,64.5739167246727,-15.032696256604282,-10.085283697360008,-13.969257677483938,6.123698633626626,-12.471129997681786,4.095766299981444,-3.3793926428109957,12.356683138782557,11.584565326743165,0.47872855796071384,-10.444596245679085,-5.679634896615234,0.4101408664696871,-5.6449740542283875,5.086061667400097,20.9576891519106,11.694180058219155,2.077416023706591,2.065022803165641,-10.268729573246967,-2.1523708036624076,-5.442202332857832,-7.359531949096013,1.8029432127488734,-3.8883786807580067,1.4796416780630643,-0.03101756627763069,-8.39223669507051,-1.4044080909348995,-6.763544068702146,-7.555412980772176,-2.7988552135650373,-0.12176886595292753,-9.161436534994317
-8.388133400243314,-3.826601256182903,8.850229755525113,-6.282883947523757,-19.0064891132454,5.195393279565193,-3.2671733959315348,8.730987050300376,9.139299832502562,-5.79297891499978,17.073411898754944,-0.336411159824798,-1.932687411636654,0.942472668646073,6.770300933647086,-15.032696256604282,46.71364316232036,3.682108345604549,2.2763781168154837,-1.4185301505845656,0.9755310900790113,2.2711139282084325,0.7248358588626256,-11.225454150469803,-2.7433929666914687,11.037013365577724,9.733349854220704,4.847771063818911,6.479332251495997,0.9511320278886458,-4.685229563632549,-4.566835842591006,2.1861419534478905,-8.629464991014427,6.569871711416377,3.0721964249153184,-1.6805877483604328,1.53071956896728,-1.5339710531594752,-0.9242222386462887,-2.1801178175570706,-4.155732115141056,8.426091887401403,3.5996234520041384,-4.93996381026045,4.1228415973165005,-1.398832491678332,7.819079732678958,-3.9798889303581406,1.1878722116917773
-5.106308713350313,4.496107231636483,-7.170231133627084,6.075724166703639,-5.713476770675606,-8.977680366600785,-4.031974294125179,2.447508285551513,3.9660933032259473,1.6476622103576533,-2.4804642022726373,14.774577586051885,-3.7581364937531045,-5.715453283790836,-0.40713476974505114,-10.085283697360008,3.682108345604549,41.65565514181307,0.5266851639821264,3.9291045588601388,4.943337764814498,-9.359590298914654,-6.765667891606906,14.779443741539326,-0.5489220114757155,-0.532816817334433,2.3395740314431897,-8.437720337207601,9.470475574739687,0.9518337180313199,-8.115926266661367,-11.571097759508143,0.9001487468174846,0.46646784937862273,-4.3482162409745415,-4.7338377732078145,1.615688704850415,6.996926338706455,1.831499257403698,-3.866937991398379,1.9856863776999054,9.445527667690902,-10.910288372592523,2.929050113439917,-2.2737572224207154,7.2351457767204215,9.55892421246607,-9.329248858785606,-0.3314415867676058,5.051770126399314
-1.1536157138953358,-5.09646395462919,4.40200489604944,7.263614158536648,14.09804052332038,0.478681745344842,-9.985559209371269,11.234105518731566,-4.128848993523834,-7.713742700934306,3.2198628915743677,14.286831100374375,9.068179173999118,7.494802094764177,8.589614640017386,-13.969257677483938,2.2763781168154837,0.5266851639821264,48.299413831643484,-7.525364659941324,1.293236212877423,5.671020668064211,1.6995058418896078,-7.249005549883882,-1.3262559565866496,-6.568693240543226,-0.20813697929348332,4.075166250388748,-7.915861914027386,0.15991130771919865,-5.06258151651347,-4.0877355287118595,1.9708371047114055,5.373833747283312,1.5656558385165051,12.225463959276137,10.200081595029676,-2.7408118205300696,-2.45722858287929,0.13010521948194684,-6.4505190392854335,-4.266527609061984,5.3670253916823185,-0.48020961634863935,8.529341401039423,2.581887101886242,-9.57992417373463,6.591367179071901,9.529929437000154,3.077156712321801
8.404897980123593,8.233790148898281,-16.275428198452136,-5.573354202572797,-0.7003022124832503,2.4019682517988867,0.3605519660327958,2.2168522542648015,3.3576475316376566,7.511989916180115,0.23927615880539038,7.859258373773531,-5.196108710377678,-1.9879879305325858,-5.459422594632582,6.123698633626626,-1.4185301505845656,3.9291045588601388,-7.525364659941324,39.31402552689397,-1.9432916828485536,-2.3752295397094763,-5.675880403375055,5.003410992096058,1.6339250742324927,-3.121422192927355,11.98604417378936,4.457938135206709,-0.2583763222554757,-10.81985471252678,-11.124430691622326,-9.183649502552576,-5.25840448038426,8.247173280260071,-2.1822313844367764,-5.496105572849704,-8.455640386234025,12.77766878923986,2.262940073782402,3.7595198328333983,1.3613448332022486,6.717367392897581,-9.771461448647614,0.6012965156283393,-8.1292821230999,2.500384075083348,4.361840885757067,-5.709284920237324,2.6077414860095414,-0.23234375987851805
-4.388914347828852,6.4722118732280425,-2.005635080955567,1.9650363523059022,3.9431824289601,-12.200725076616322,-2.314734670440897,10.929166319019641,-3.2978284836457807,5.6640703288251695,-9.159779845217441,3.7032064661891693,4.3886220215696445,1.957745145939012,9.805000827969794,-12.471129997681786,0.9755310900790113,4.943337764814498,1.293236212877423,-1.9432916828485536,38.69202725956258,-1.8722744704413719,-3.6859980122949443,0.8528565084734497,-1.232275850355144,-3.7436274145999704,-5.733308372741093,-2.587253698999413,0.5802605953840823,5.4647887178315955,-4.240793332949679,-8.482014782060935,-4.9569688971357495,4.4217296031386795,-0.823702721771058,-0.6931384838182615,9.044645598659724,-3.586992714228121,7.410867033997359,2.527439939309879,-3.2771426966402664,2.716178173052642,-7.411829755592935,6.6824271544595515,3.5521927001213247,5.806672928919827,11.45801650754551,-4.373749140856181,3.8951025654189477,-5.157123549215897
-1.4740569805081016,6.745732976250116,12.521704958544918,-0.5607100415427343,-4.2555528518143255,18.33712765589996,-5.820435025946353,8.406384705884918,-4.250041183218022,7.915273801427518,1.439232051304054,-9.49584637152733,5.640648936951887,-3.4376502569015908,-4.3599176779881015,4.095766299981444,2.2711139282084325,-9.359590298914654,5.671020668064211,-2.3752295397094763,-1.8722744704413719,51.60706786469542,1.7673133328278103,-8.765502226696888,11.59278923104729,1.8508861030512258,7.38850260856604,9.926041086072981,-0.8971024313766125,0.4220246382616627,3.8734750203544763,1.7755978386333369,7.43761940533364,0.5743120950963292,0.0238042418420912,6.225487957615911,1.8472209124284424,-2.2655161109629933,2.7877594767342333,-1.2745044037117748,-4.378709497169062,-6.1763462233957895,3.929550633522191,-5.812762231650299,10.1413820410759,-6.459959595484335,-13.554549076358986,0.17635401722184474,-11.38122464579132,-6.124709959034615
-7.620699348117329,8.742790615566856,4.4487657667105145,5.4903720451376286,4.277679515407677,5.068030738333955,-5.437059967165974,-9.556187469200852,-5.955428159230048,-0.7364410281087491,2.9825318427340304,-6.406337550134535,4.793785051641806,1.280160893463452,-7.401651314380243,-3.3793926428109957,0.7248358588626256,-6.765667891606906,1.6995058418896078,-5.675880403375055,-3.6859980122949443,1.7673133328278103,47.8289043013085,-13.569412696491684,1.8103180051711965,3.149083274114529,0.6261089160881571,4.06943034626737,-6.220703502803094,13.437061279528804,-12.861499041609225,7.224331441767156,-0.3043932687046641,-2.300573867743098,14.017372671394757,7.1439381203005965,-8.114886194165491,-3.4719100489416928,-4.781468825934491,-7.801946049609526,-2.4258435975290027,-16.085505775095335,14.81231927750187,-7.755964075878215,-5.334799725327982,2.391257698073749,-10.802046581970728,5.443849308480472,6.933467755697411,-1.1275213933606576
4.596627573586283,6.400107607229183,5.185887675903671,1.2860903008060875,7.472239501776517,-9.110170861655725,-5.565594310555508,-12.170362290297744,7.836028161703289,-5.37979404165661,-5.804814508653121,5.518548622636649,3.1181041467381236,-5.3053353499666525,-6.378476059006452,12.356683138782557,-11.225454150469803,14.779443741539326,-7.249005549883882,5.003410992096058,0.8528565084734497,-8.765502226696888,-13.569412696491684,57.74345658739665,3.677234833995766,-2.5081792529210394,5.4820651191303105,-10.971593586752842,-3.577304097525673,4.661169460412361,10.190564344660888,3.748557444131184,9.041579167324034,3.592842675927446,-11.597413313421946,-3.325393130791721,10.145743348175557,-0.4452759943860032,-4.436144446679392,0.7160130761542545,6.367051777771079,11.845288395422077,-9.179969553508485,10.978871825690339,-1.0467784046251973,1.4976584797446562,0.16954138457384524,-19.198811936856373,-3.507528145900092,-3.297741512036991
-3.332920746658676,-2.6252046992013804,-3.9994658194595964,0.7197845773755218,3.0913007621272532,7.147345672312493,4.971747758071641,5.973830029427287,0.9591046425120971,-1.3315221892183262,-7.678609086728607,0.5170424496207786,6.6853491777318546,1.9231164167928447,-11.078351022329757,11.584565326743165,-2.7433929666914687,-0.5489220114757155,-1.3262559565866496,1.6339250742324927,-1.232275850355144,11.59278923104729,1.8103180051711965,3.677234833995766,34.881639829765966,-3.9577690549070006,-1.657193426936032,1.017547754455697,4.736924978407118,-3.8097869586320674,-2.294204406158729,7.882137848182108,2.679165903383989,0.31919620087436407,-5.367846443122816,-0.4048075423796866,0.4788315615106901,-9.891000981236079,4.376665112954223,-5.722113196327996,-7.513501784384223,-8.49354474257609,6.306649917725495,-3.073611589674633,5.662997870091026,-1.274068044589357,0.33220817664885344,-5.565311185519981,-0.4918481735398456,0.13104050517353663
-0.4169652915454338,6.062320056224601,-3.985190890544641,-0.0877495188672812,-7.07633450783161,-4.014271044213169,-2.463163349297092,-12.478155700615222,-1.7742541693934621,7.336770793435066,7.607245198794676,2.3961355412572933,5.988663299292636,6.248549928836304,-1.1845140807999897,0.47872855796071384,11.037013365577724,-0.532816817334433,-6.568693240543226,-3.121422192927355,-3.7436274145999704,1.8508861030512258,3.149083274114529,-2.5081792529210394,-3.9577690549070006,42.88624658452403,5.193143802548028,-1.8534802620189146,-9.742341713070362,-0.0626905942201521,2.885841851194307,9.170493530034243,2.426131216716329,4.1468072578428234,-1.1834882729501162,-0.2175224772139374,6.985333382581493,-1.2158554988237764,-6.360675915531153,-11.286380935672925,-4.6692600475999315,-15.828837474019561,7.666984997178905,-9.367973638255707,-6.7520761042204835,-0.1859557481489495,2.615946247447346,7.649118425482401,-3.850854372833237,1.2597031496239668
-0.048537700621132544,1.0742675308158263,10.00246094508801,-2.581962958803844,-2.577833396921793,6.310869822626362,-19.18707063698476,-10.495088985971579,-2.9012011757188905,14.652161223304404,7.9795488576990925,5.980181842502919,0.3918182872910661,-5.084431590910888,-3.2552001603231298,-10.444596245679085,9.733349854220704,2.3395740314431897,-0.20813697929348332,11.98604417378936,-5.733308372741093,7.38850260856604,0.6261089160881571,5.4820651191303105,-1.657193426936032,5.193143802548028,52.94135002017585,8.812081684312686,-4.3986739900338385,-5.042219679366593,4.177359585722266,3.5789505489855165,11.166256009373734,0.7381563058134877,2.699964437941643,2.002476815224682,-10.169356858100528,1.3472834940454659,3.9228255188969228,2.7897798552113593,-1.0112715721968932,6.886878521670959,5.9130783526687045,9.70796628343844,-4.056056077969688,-0.21360865585196173,1.423730800673669,-14.011371658230463,-12.437869020343204,16.948926928580935
4.8133711345191665,-2.086349718606784,-3.0781842062901004,-7.841680046647142,1.73734737239971,8.74892278590331,-1.1285331774435154,-1.119711575326744,-2.8563657716296333,4.401420674786776,4.093540773351642,-9.088480410087595,-2.3108309923428174,-8.178384354772302,2.8825035918163207,-5.679634896615234,4.847771063818911,-8.437720337207601,4.075166250388748,4.457938135206709,-2.587253698999413,9.926041086072981,4.06943034626737,-10.971593586752842,1.017547754455697,-1.8534802620189146,8.812081684312686,38.11824873338082,-5.227131534873752,-4.887753484653872,-10.786335611987221,-0.3995953045277793,-4.57938075170895,2.759961144691846,2.2263029653396464,-5.6339633020310655,-3.269961838642367,-2.0318363645222406,16.430617999306275,2.201159151556414,-10.354228349066302,-2.1874359918701445,9.6276579254279,2.855132287645149,-2.556736387330838,7.352250207196663,-7.842380159809508,6.124711387407914,-4.875803367566971,-4.793305552873475
3.1145080719402913,-2.074812481567469,4.4086544895425295,14.834344571635436,-9.326239973372534,-1.7427910321529023,13.408461708259466,5.90014084877257,1.739512898237991,-2.52879570371969,7.137672299623589,8.445820399747902,-3.411853100885382,3.0301762364920735,3.8091778057829035,0.4101408664696871,6.479332251495997,9.470475574739687,-7.915861914027386,-0.2583763222554757,0.5802605953840823,-0.8971024313766125,-6.220703502803094,-3.577304097525673,4.736924978407118,-9.742341713070362,-4.3986739900338385,-5.227131534873752,41.4646537420556,-3.5118347078149057,1.7269232502297909,3.919974587046044,-2.1808790229489055,-11.759376828445507,3.0331243824012772,-14.001567022605148,-10.88650337201813,5.0673328615776585,1.7562271355076644,6.544026779419149,4.9663116755381465,5.927019379483272,-15.696896228818328,5.270622821664521,-1.1344757044655132,-7.416190920419021,9.233153507252348,-6.776493498553908,9.584079619714302,6.874617518119211
-4.360520410648099,0.3084179317552622,2.486475408725332,-4.242028293616526,10.22311311262995,-0.8788318011879502,14.235769910899728,-0.7257232697020929,6.611276734413596,0.9155957143401874,-1.028307310702332,-7.417692020514193,-5.616851358229667,-6.98303057864201,-6.601040341423718,-5.6449740542283875,0.9511320278886458,0.9518337180313199,0.15991130771919865,-10.81985471252678,5.4647887178315955,0.4220246382616627,13.437061279528804,4.661169460412361,-3.8097869586320674,-0.0626905942201521,-5.042219679366593,-4.887753484653872,-3.5118347078149057,42.57298754887079,7.869921695580506,5.15174654145569,-1.0582783751971299,-4.477734777072,-3.965978858462296,10.842076251070388,-0.11244238541682952,-12.552431229061218,-13.662216140229168,8.670812652827312,11.085510686149862,-4.8373247813290385,11.930942995167388,-1.3832112205515619,6.4304085355515515,3.7398064503419857,0.9557716373505851,4.889697767620517,-3.7244709677626693,-9.622944503020285
6.523514138326166,1.5779815017629815,7.008773821879134,-1.7318927688748689,-6.432090636452946,-2.433951555450165,-3.3750485340205314,-2.777419467968849,5.493525513339731,1.8700640821985144,6.761236221342645,1.1763102305647608,-0.7003974507621169,-1.3175131379381428,11.431766237369361,5.086061667400097,-4.685229563632549,-8.115926266661367,-5.06258151651347,-11.124430691622326,-4.240793332949679,3.8734750203544763,-12.861499041609225,10.190564344660888,-2.294204406158729,2.885841851194307,4.177359585722266,-10.786335611987221,1.7269232502297909,7.869921695580506,47.09144227573431,3.4209417923283736,5.190806659532917,-0.730763730661165,-0.15902324051151795,3.670400768078779,-4.882231635763072,-8.793859053019997,-0.5477258564771772,6.665176219398256,4.177974889574293,6.6950261877419,-1.6951442228291533,0.053671455788941065,-1.2232316909854257,-11.168639564356992,-0.0782797826682904,-1.4261693201336916,-5.992776689023395,-1.013783107472683
-4.696792741863732,-0.4918398435028765,1.3699971599029064,4.946407036370808,9.296043514323191,-6.575061196434221,5.414747435186736,-2.1257937237622886,-13.936564321117835,10.046860096451638,0.4467946735531098,-7.574542529008834,-1.918997182139841,-0.2179709160959314,1.6239338731444632,20.9576891519106,-4.566835842591006,-11.571097759508143,-4.0877355287118595,-9.183649502552576,-8.482014782060935,1.7755978386333369,7.224331441767156,3.748557444131184,7.882137848182108,9.170493530034243,3.5789505489855165,-0.3995953045277793,3.919974587046044,5.15174654145569,3.4209417923283736,54.61963605505423,8.671444259990011,-0.32358911547467534,1.3556308916865085,-5.247059418254243,-13.632807995716481,-8.888929416909528,-8.02486790247985,2.0820228783517356,2.1750633142584532,-10.182738411298217,7.560975074961849,-10.647092720162984,-5.094855187317576,-0.11481601930996634,0.4243988120372052,-13.223077567349563,11.447686148335606,7.958110631613369
-6.074489875293966,-0.36158534271353815,18.13215080285887,-6.335448328476818,-0.37777864006268624,-4.859049038757644,-5.607926201093736,-7.572267904722094,-3.435658820738407,6.849308825365807,13.248866865590104,6.721321161297986,-7.826640868181253,1.7984850362125544,4.200111026196264,11.694180058219155,2.1861419534478905,0.9001487468174846,1.9708371047114055,-5.25840448038426,-4.9569688971357495,7.43761940533364,-0.3043932687046641,9.041579167324034,2.679165903383989,2.426131216716329,11.166256009373734,-4.57938075170895,-2.1808790229489055,-1.0582783751971299,5.190806659532917,8.671444259990011,41.73369129248661,-11.361367434365302,3.937326482832275,2.4189753700262044,-1.053992309159847,-7.293684724813526,1.7561960197763458,-2.405094229977329,-4.651412187135958,2.6455763637312586,3.6122488429459154,-4.132364012377712,1.639565475872219,-9.160450455599452,-6.427131191957928,-6.500519717446768,6.427156701816934,9.22631167442043
0.37896214842386977,1.2609481277391246,-15.008176565021001,-10.750313354283067,5.651816446066454,-3.2528730105373325,-1.9386780664521177,2.1258940459016546,-1.6927011988771719,2.701332681849311,-6.050018852365295,3.897917598911449,6.187924438048898,-3.1299443663528916,-4.3824358580348886,2.077416023706591,-8.629464991014427,0.46646784937862273,5.373833747283312,8.247173280260071,4.4217296031386795,0.5743120950963292,-2.300573867743098,3.592842675927446,0.31919620087436407,4.1468072578428234,0.7381563058134877,2.759961144691846,-11.759376828445507,-4.477734777072,-0.730763730661165,-0.32358911547467534,-11.361367434365302,47.174972434451185,-7.4055786278238696,3.936482516427484,4.840569314206453,-0.27201591060872726,-9.2360004937845,-2.048697588786643,-13.370792075023834,4.177763890279935,-0.8659357594877958,3.878538814008712,-4.757916295061018,6.731541982660709,-0.8611684500176499,-11.749669084221022,-2.1660961412410646,-4.7418262976122625
-7.0823896100007415,15.142919014796215,-6.136728241405779,-1.219099567914447,-3.4335502588274487,-3.9002574232373894,-9.487224054843445,5.89152699850237,-5.657425527640407,-3.0646710659861385,3.6877016822798585,-2.1912976776865594,8.280379810798259,6.660664867957819,4.235420622966806,2.065022803165641,6.569871711416377,-4.3482162409745415,1.5656558385165051,-2.1822313844367764,-0.823702721771058,0.0238042418420912,14.017372671394757,-11.597413313421946,-5.367846443122816,-1.1834882729501162,2.699964437941643,2.2263029653396464,3.0331243824012772,-3.965978858462296,-0.15902324051151795,1.3556308916865085,3.937326482832275,-7.4055786278238696,38.39425030073382,-2.947813665572172,-1.7290496599562037,-3.5747494613708373,10.954674531748466,-2.101765711577182,1.8552747363266187,4.147109746901671,8.052151889245467,-5.302089046581849,-8.430413987540527,2.1514913566795504,-8.469474902892555,0.4887219332323068,11.448793911300127,2.7150947732648
-4.6213575541368055,-3.5410703492686357,7.403055020197711,-4.256748218103147,4.839664578864104,12.609527855556378,5.721673777477539,-1.7944223561651815,4.887696962367495,-1.9235129259406387,5.938033006861971,-1.7841025800462835,1.5200327809095886,6.494754909624955,-2.5571752330287243,-10.268729573246967,3.0721964249153184,-4.7338377732078145,12.225463959276137,-5.496105572849704,-0.6931384838182615,6.225487957615911,7.1439381203005965,-3.325393130791721,-0.4048075423796866,-0.2175224772139374,2.002476815224682,-5.6339633020310655,-14.001567022605148,10.842076251070388,3.670400768078779,-5.247059418254243,2.4189753700262044,3.936482516427484,-2.947813665572172,33.078300918507324,4.431726309367759,-10.432408568491914,-8.477237514818224,-1.9904715952849885,4.186317660616646,-3.6165779559058273,11.926757269855132,-3.8394406292925174,7.809292491268413,1.3230311529053023,-9.221039625154893,0.3004794907447257,-10.125650362432127,1.1384620253751547
-11.191720426004654,9.678809323396397,-4.8583639608674885,-2.2587276705466937,3.506222132344928,-0.6888288167376613,1.8334887447284856,-3.173701610185436,8.307228401612557,-8.343145135803468,-5.83872767472611,-1.151484080440306,10.600340016332668,0.9410262881474238,-10.6029604541096,-2.1523708036624076,-1.6805877483604328,1.615688704850415,10.200081595029676,-8.455640386234025,9.044645598659724,1.8472209124284424,-8.114886194165491,10.145743348175557,0.4788315615106901,6.985333382581493,-10.169356858100528,-3.269961838642367,-10.88650337201813,-0.11244238541682952,-4.882231635763072,-13.632807995716481,-1.053992309159847,4.840569314206453,-1.7290496599562037,4.431726309367759,48.34470014105733,-11.807145835114625,2.0786180240686662,-14.035879405561726,-5.26958924435052,5.296481943572709,5.0721112085540465,-4.410942825682357,11.67637939364083,13.671331687672751,-1.3551524609023682,0.811633735232101,-4.967712946530072,-10.724844297495725
2.6985963517535616,-4.211227970445246,5.960004937257919,8.704194107037086,-8.292312145170468,4.561635496111254,-7.436677540709444,2.1915787228839028,-6.783453826984863,-1.0096143212052295,5.541018795016563,8.819456978026896,-7.8310453388175825,-5.299007228020821,1.670211409498227,-5.442202332857832,1.53071956896728,6.996926338706455,-2.7408118205300696,12.77766878923986,-3.586992714228121,-2.2655161109629933,-3.4719100489416928,-0.4452759943860032,-9.891000981236079,-1.2158554988237764,1.3472834940454659,-2.0318363645222406,5.0673328615776585,-12.552431229061218,-8.793859053019997,-8.888929416909528,-7.293684724813526,-0.27201591060872726,-3.5747494613708373,-10.432408568491914,-11.807145835114625,40.57809434081033,8.158873734068486,0.02812122171513026,7.764523234807792,3.6696692864717715,-8.367576536926581,0.5862383692161406,-3.733395335603126,-2.2166012168565916,-1.1639469929468733,-6.176220012805352,8.869020569834408,3.8260374435587794
-1.9016591604896416,4.633699901601276,-6.675643316482783,-1.8912327556235522,-2.07428808592131,0.15739414011881805,1.6176261385782789,7.9461443507127205,-6.559196883197766,6.023358614487332,12.640453333084356,-0.29792686454556594,-0.20376707409372097,1.9612453324039694,13.30701810214871,-7.359531949096013,-1.5339710531594752,1.831499257403698,-2.45722858287929,2.262940073782402,7.410867033997359,2.7877594767342333,-4.781468825934491,-4.436144446679392,4.376665112954223,-6.360675915531153,3.9228255188969228,16.430617999306275,1.7562271355076644,-13.662216140229168,-0.5477258564771772,-8.02486790247985,1.7561960197763458,-9.2360004937845,10.954674531748466,-8.477237514818224,2.0786180240686662,8.158873734068486,56.83994129160178,-8.53815856722995,-2.964675402416939,0.2917725645674543,1.9126670990196164,-1.1470243184967541,-3.1513352615436587,9.473471446441994,-7.053879895541741,-4.920558903561083,4.080509459557877,-1.5717745288062923
10.428610146822532,-16.9380089908831,3.444544751066704,7.13708413710361,-1.2926406080256292,-3.0029796585047177,15.357168707791834,11.898110846212418,0.010968574627346496,-6.914629651747162,-2.7163191571602923,3.028086722151416,-12.189240337799617,-3.741674468050313,8.032568805624425,1.8029432127488734,-0.9242222386462887,-3.866937991398379,0.13010521948194684,3.7595198328333983,2.527439939309879,-1.2745044037117748,-7.801946049609526,0.7160130761542545,-5.722113196327996,-11.286380935672925,2.7897798552113593,2.201159151556414,6.544026779419149,8.670812652827312,6.665176219398256,2.0820228783517356,-2.405094229977329,-2.048697588786643,-2.101765711577182,-1.9904715952849885,-14.035879405561726,0.02812122171513026,-8.53815856722995,43.74622817409383,5.926940962865482,12.20370669015545,-3.695949130022101,5.709081165234989,2.03701900744153,-10.180926607356012,-2.5911160538262914,7.652332398864983,3.016631372000897,-7.796889785428366
1.241788925579322,0.37038116175717584,6.552181770332781,7.990424441898494,2.041403579506687,12.85623065488586,0.6961375826873398,-1.0164407715946366,-5.450352035784341,12.047593490485676,1.327446265830658,-7.331905016989573,-9.045548416477075,0.1980153947817449,-12.145895823624627,-3.8883786807580067,-2.1801178175570706,1.9856863776999054,-6.4505190392854335,1.3613448332022486,-3.2771426966402664,-4.378709497169062,-2.4258435975290027,6.367051777771079,-7.513501784384223,-4.6692600475999315,-1.0112715721968932,-10.354228349066302,4.9663116755381465,11.085510686149862,4.177974889574293,2.1750633142584532,-4.651412187135958,-13.370792075023834,1.8552747363266187,4.186317660616646,-5.26958924435052,7.764523234807792,-2.964675402416939,5.926940962865482,41.496896652330605,3.3744170673149263,-0.7437535394443086,18.98049834489492,9.54168846411206,3.1779154350674963,-4.348610560597111,-10.316270864124697,-8.002187397566003,2.1181092624864477
-3.2509822270529742,-0.9318529379610053,0.13289835712272688,4.064981638359745,-3.1114817046026957,6.316557533999932,5.001506423450863,12.18455569397322,5.858526190742446,-5.200441386312365,1.1537549149669006,10.536840147911152,-10.853202171635491,-19.86246280650282,6.0058333311307015,1.4796416780630643,-4.155732115141056,9.445527667690902,-4.266527609061984,6.717367392897581,2.716178173052642,-6.1763462233957895,-16.085505775095335,11.845288395422077,-8.49354474257609,-15.828837474019561,6.886878521670959,-2.1874359918701445,5.927019379483272,-4.8373247813290385,6.6950261877419,-10.182738411298217,2.6455763637312586,4.177763890279935,4.147109746901671,-3.6165779559058273,5.296481943572709,3.6696692864717715,0.2917725645674543,12.20370669015545,3.3744170673149263,54.00772761284687,-15.996085385698764,7.5236163872439175,0.19296722068681463,-3.8993489720804364,7.101389948251048,-6.35215946199827,-6.096515687304117,0.17625106497490808
